5.06716401220634e-01
7.04803720329515e-01
1.25653854109030e-01
4.00535024307682e-01
1.12715789101454e-01
9.49628764673263e-01
1.28874564632008e-01
5.12284974730087e-01
1.42168110273116e-01
1.39803024028516e-01
4.47692820273841e-01
9.36189584221513e-02
9.64522561166688e-02
3.36397317983939e-01
4.64983735737759e-01
1.27143628761289e-01
3.40258812877284e-01
7.60857046897254e-02
1.38236352762475e-01
3.97200586874007e-01
5.31357558597289e-01
4.14550994887446e-02
1.33964108093641e-01
2.84700205471076e-01
1.34774871476124e-01
1.29664639056070e-01
1.38443973140968e-01
4.00147831390707e-01
4.24748136543693e-01
7.89176041660726e-01
5.40405793640180e-02
3.85470043627360e-01
2.62904878649231e-01
1.97725725983243e-01
2.67339934113342e-01
-4.94669759986921e-02
1.36546828169318e-01
8.48283700004509e-01
-5.82611197607986e-02
1.18997450736197e-01
1.04505356081818e-01
6.51602758829305e-01
1.55703231822914e-01
9.39880411046754e-02
-8.76065784017111e-02
5.85909656265955e-01
8.39097934412825e-02
5.96828630147044e-01
5.60307111847041e-01
4.73160044777992e-02
2.69984437049344e-01
2.53793235794615e-01
5.48129855757163e-01
1.25578549235526e-01
4.99004352553958e-01
4.76896780743878e-02
2.03450993756676e-01
2.01975913380456e-01
2.49604009955648e-01
1.40371229231005e-01
1.31510335735628e-01
2.82806522534530e-01
1.72897683637206e-01
2.29212560359727e-01
5.30145871443541e-01
7.97020422587551e-02
8.32056372229460e-01
1.89955168294987e-01
1.55850742164370e-01
3.43273158462033e-01
2.19460855701055e-01
2.58351094544759e-01
6.30513997737602e-01
2.21904719475838e-01
1.45191603128474e-01
1.69314411330855e-01
1.34499925570267e-01
4.64423424834010e-01
2.34804545017635e-01
3.19622620647278e-01
1.71947085272918e-01
4.92094244630397e-01
5.65274322737941e-01
2.23263992369267e-01
2.59156881120880e-01
2.68305828443461e-01
6.11771837609725e-01
1.83573165238086e-01
1.21276815483650e-01
2.22754953828420e-01
4.16568121994925e-01
1.85392168328465e-01
1.99888834000155e-01
2.85351080637047e-01
2.02009120014804e-01
1.46090655736498e-01
3.62757705657086e-01
3.84745648760510e-01
1.30909763751227e-01
2.39205922608499e-01
1.78729794583193e-01
6.65085440914529e-01
2.00094158442897e-01
1.93184298286276e-01
1.13770199330504e+00
2.61974010085207e-01
2.59691689099066e-01
1.77383100925949e-01
9.63657934654561e-02
1.49245882902204e-01
2.21631664808759e-01
1.73327117361803e-01
5.07179063570728e-01
4.15961986249934e-01
1.45735236049864e-01
4.05022711920716e-02
4.85183512577094e-01
1.81340502359823e-01
5.02983912688016e-01
1.67472724894319e-01
1.11950201821330e-01
7.10401521646220e-01
1.05152047693572e-01
1.93190606604324e-01
2.68400787120606e-01
1.41491100197860e-01
6.00410390300131e-01
6.70838822800620e-01
1.07589539271256e-01
1.12991653609003e+00
1.17375091449178e-01
1.87991145098927e-01
2.06169003378387e-01
1.39276698350494e-01
2.67479212434849e-01
1.18351950835256e-01
2.05953096376072e-01
8.23271319473535e-02
1.21825481027032e-01
2.12450800101614e-01
9.92992494796399e-02
2.19715984440453e-01
1.43568832292818e-01
5.70168974357716e-01
3.13756967926326e-01
9.53425467359720e-02
2.32510148796531e-01
1.87755399986202e-01
9.73338289031681e-02
2.18688440692897e-01
1.47742366923679e-01
1.16673892157687e-01
1.10872409346478e-01
2.14944683057991e-01
5.36763731872744e-01
2.05170219864378e-01
5.81549640883967e-01
9.21009743622583e-02
1.38081411567035e-01
1.69628850197960e-01
1.36120694164205e-01
1.59698979536717e-01
1.89955457321511e-01
1.72181193167072e-01
1.31872800129629e-01
6.21958062231501e-02
1.07008363479898e-01
8.13762975148180e-02
4.42440367430761e-01
2.91090176654144e-01
5.95343397639364e-01
8.75452126252110e-02
7.18014456729866e-02
1.51818595958082e-01
9.95498882548174e-02
1.62799844583146e-01
4.42613271265636e-01
3.00692854629305e-01
1.18746759272022e-01
1.92413267673281e-01
2.78502188740735e-02
1.10449333158214e-01
6.55124798353244e-02
1.36618866983260e-01
9.47142589928621e-02
1.38913027584915e-01
3.10429566560638e-02
9.89332933101246e-02
7.98124043142806e-02
9.59065405287892e-02
7.06206152422818e-02
1.64501766798512e-01
1.85526377166627e-01
1.09846277221221e-01
1.27299533438316e-01
7.52524349374726e-02
2.07964647261311e-01
1.12346196433723e-01
9.26274215151959e-02
1.22436626983987e-01
-1.66155526304102e+00
1.79656550054436e-01
7.13214145043083e-02
5.70299195467603e-02
-1.53790385171181e-01
-1.60026044464697e+00
1.18080990563279e-01
1.09674120457078e-01
3.51934613183784e-02
1.72995820708519e-01
2.19985727868875e-01
1.48593537470872e-01
1.24996524017354e-01
-1.58633040919265e+00
7.12394775791125e-02
1.29461263343251e-02
7.79130392838222e-02
1.26369534048259e-01
1.38702170169191e-01
1.48586657382960e-01
-1.89610604695926e-01
1.43906821585652e-01
3.90970420341086e-02
1.55739385271171e-01
8.65185192020668e-02
-7.05471648060409e-03
-1.53583762622355e+00
1.20145388691818e-01
7.28258719134325e-02
1.18116057020479e-01
3.37078917926062e-02
1.70740684970807e-01
1.50605375707119e-01
1.96497723491647e-01
9.43659286242100e-02
7.70606338812768e-02
1.00845862454506e-01
-1.56463746478100e-01
2.38023445983244e-01
1.30435021349061e-01
1.21039511093771e-01
2.03941304216517e-02
1.30104661518706e-01
7.50422535924880e-02
1.04426489539842e-01
6.05618638840180e-02
1.05957174011636e-01
1.64604287438774e-01
8.32762824862266e-02
1.30380468220950e-01
2.84837599884188e-01
-1.30048442718170e-01
2.50727368090348e-02
1.88909391790867e-01
1.10658289386783e-01
1.03524988165065e-01
3.82451156197232e-02
9.42603711110494e-02
7.46805624491592e-02
1.08872818085592e-01
1.80492414762221e-01
2.51290178131053e-01
2.07415235484954e-02
6.82408881287190e-02
1.15193933935273e-01
2.34835797581352e-01
2.10379977416098e-01
2.83488524600513e-02
9.55428383472831e-02
7.41488751196754e-02
1.57998158973176e-01
1.36247960501481e-01
1.83698699091733e-01
1.81747072620285e-01
1.45993180494037e-01
3.66406883341321e-02
1.70519491715253e-01
4.02016241261552e-02
9.71451825475054e-02
1.30236765489790e-01
1.27432716022877e-01
2.93138265728021e-01
-5.58545517173615e-02
1.88694188295866e-01
1.53523224131920e-01
1.67103638023005e-01
2.02332421314785e-01
6.73011246686948e-02
1.32912156265562e-02
-7.79008729426724e-02
3.34622343267402e-02
9.87404298899232e-02
1.59025393797454e-01
2.79671816252037e-01
9.51453200624538e-02
2.41395267112859e-02
6.03068922242527e-02
9.51961929194909e-02
2.31870008452658e-01
1.95224448555517e-01
3.07420863276295e-02
6.59156341373743e-02
1.88455164617048e-01
1.28127820624620e-01
9.34141768466197e-03
2.75524277253188e-01
1.72918572715078e-01
7.52323224613043e-02
7.66751962768376e-02
2.16037902009409e-01
3.75011496179993e-02
3.08454510091179e-01
1.39831132905185e-01
2.51914965511628e-01
1.63657423979352e-01
2.07779081394324e-01
9.35019419497867e-02
6.66629624809956e-02
1.78474395666827e-01
9.28343058634103e-02
1.54975785990878e-01
1.56797282039748e-01
1.48716193625648e-01
1.56684181562626e-01
1.29778857416578e-02
8.20297802026912e-02
4.29848414827423e-02
2.67349534820491e-01
1.96354714005265e-01
6.82617535399266e-02
3.48890502055840e-02
6.59724404157365e-02
1.68781668216800e-01
1.86172665607323e-01
1.84107457995077e-01
1.18336129774653e-01
2.11011378896407e-01
6.24645416491298e-02
2.35601805834892e-01
2.32881381375628e-01
8.35490544099672e-02
1.35542741646909e-01
1.01133047377023e-01
1.07317113820305e-01
2.43415172959041e-01
7.72996804937219e-02
2.90876006653366e-02
1.84304548951793e-01
1.18786952509233e-01
2.78242902627059e-02
1.69427998754838e-01
2.61089974290067e-01
1.00833378550699e-01
1.47129580427040e-01
2.25601525799097e-01
9.80076712058317e-02
8.32712232654173e-02
1.29059617791073e-01
1.38012812587609e-01
2.41740804605642e-01
9.38200454847222e-02
1.59206139047593e-01
1.81770207308586e-01
1.02921566127808e-01
2.17449110455950e-01
7.68279761163719e-02
1.54594648598463e-01
2.40973918800555e-01
8.19246845036507e-02
1.95022632643451e-01
1.30525493562618e-01
1.49509952614294e-01
2.03394667094792e-02
1.12139127778739e-01
1.72718531174542e-01
1.07389053300080e-01
1.03154234050529e-01
1.37397711784382e-01
6.76508677068434e-02
1.12832863693283e-01
1.03290115786778e-01
1.32432104152933e-01
1.53139522571581e-01
6.25690483743476e-02
2.10082196320440e-01
2.38682275661813e-01
1.83509165909344e-01
1.36969817440185e-01
1.11925194743808e-01
2.24592106946757e-01
1.21744171373169e-01
1.35267378956427e-01
1.27947709347879e-01
1.41105940938529e-01
1.35664086710352e-01
2.06103494888375e-01
1.81588035775382e-01
9.82801729526041e-02
1.96431674647698e-02
1.86554777521779e-01
1.89769655154397e-01
9.15225862107814e-02
1.52155963739169e-01
7.76881934032097e-02
1.84389807587621e-01
2.70149498122559e-01
1.73927181455392e-01
1.95265273552051e-01
1.12502518942572e-01
9.67492664749293e-02
1.49894024882566e-02
2.12696843355058e-01
2.15614432074866e-01
1.49490047483241e-01
6.68282940303785e-02
2.42172559967210e-01
1.72596984211412e-01
1.86821316525695e-01
1.92456177640139e-01
2.16220577768234e-01
1.26791043628986e-01
9.79913804023267e-02
8.23422191319131e-02
1.68144193200134e-01
1.81210331515419e-01
1.65184589867374e-01
1.00279197679615e-01
1.87978892887578e-01
1.33397327079822e-01
1.52621050875193e-01
9.28222505252009e-02
8.35196043350343e-02
2.53872510743636e-01
7.81754230078549e-02
1.65534491032353e-01
1.60317795377977e-01
7.91378549438304e-02
2.13436009840965e-01
1.79859371276152e-01
2.20516933487485e-01
8.96717106157337e-02
1.77713412166338e-01
1.39282937553504e-01
2.09397982573229e-01
7.96891365961341e-02
1.70059688214474e-01
1.08147861023257e-01
2.23777027015969e-01
2.09713629696869e-01
8.63482624731611e-02
2.53806472371663e-01
1.53862930828738e-01
2.01576346777216e-01
1.18379150744451e-01
2.03901376668285e-01
9.18594539550381e-02
1.10546998990629e-01
1.57021249321615e-01
2.80873328834378e-01
1.28862381535697e-01
8.34007858974835e-02
1.38788290648604e-01
1.62427251694430e-01
2.38601448766022e-01
1.16702375931080e-01
2.24239745914730e-01
1.71483277049344e-01
1.29193859354158e-01
1.21332563254728e-01
1.17093659201689e-01
1.79031549045560e-01
1.39965824291978e-01
2.51530464730119e-01
1.34381688589156e-01
2.06793652528886e-01
2.15153003323487e-01
1.26268357171895e-01
1.40424324241246e-01
1.41093135806873e-01
1.69743380099740e-01
1.17445441133470e-01
1.75315958092628e-01
2.34429916376879e-01
2.47107984074042e-01
1.61157859766821e-01
1.31891163785887e-01
1.57755646869874e-01
2.57173077410276e-01
2.22136939721606e-01
1.37371873232004e-01
2.72430384866934e-01
1.49051933538142e-01
2.14704253202300e-01
2.49668023047557e-01
2.08978441723898e-01
2.59452525933533e-01
1.43803387789125e-01
1.18587723175118e-01
2.72871399130371e-01
2.35857958733495e-01
1.91048744131331e-01
2.15412169009445e-01
1.84850976634007e-01
2.35042728006259e-01
1.32349291770584e-01
1.75919286300984e-01
2.32681425286412e-01
1.45728691484048e-01
2.11323004781450e-01
1.29081055233943e-01
1.45765681852588e-01
1.80299018318466e-01
2.05750942219196e-01
2.94870426819874e-01
2.03759024821965e-01
1.63075127088216e-01
4.61780944859278e-02
1.25280444406224e-01
2.27110940431989e-01
1.30835882916793e-01
1.91306719153673e-01
2.07847568899571e-01
5.85871173850344e-02
1.73529313406581e-01
1.49180311580339e-01
1.71202117910976e-01
1.05800028405511e-01
2.96857735500682e-01
2.32200516566186e-01
2.65886495121715e-01
1.34020625345479e-01
5.58335156129531e-02
1.73160804588314e-01
1.27670404734258e-01
1.21443164909053e-01
1.04291794802017e-01
2.52869456758013e-01
1.65010218908729e-01
1.04273013942255e-01
1.59497368875371e-01
2.39939515909039e-01
2.02023176756973e-01
2.20601714601230e-01
1.14669953979767e-01
2.30251598147605e-01
1.15153972876720e-01
1.81876726149098e-01
1.05978486576198e-01
1.85574217339556e-01
2.36136111158254e-01
8.90528608452736e-02
3.58498208673643e-01
1.20387646326115e-01
2.63916229581053e-01
2.60810766290177e-01
3.69628677923204e-01
1.56651571830882e-01
2.62073518985311e-01
2.08418521948434e-01
1.61868129883500e-01
8.31206888268723e-02
1.95322786688760e-01
1.12679964473228e-01
3.58275846745621e-01
3.79698584867541e-01
1.87033723374916e-01
8.60163042004640e-02
4.69375789081628e-01
7.93610412257638e-02
1.87533462173189e-01
8.18495737356923e-02
7.50118810935921e-02
2.87075318632228e-01
1.12494317291352e-01
2.46674403596742e-01
7.07300396072001e-02
7.23960775339987e-02
5.52096380376103e-01
2.30910578622622e-01
2.67828740797499e-01
1.46565249855490e-01
6.80175376462096e-02
1.22899198856212e-01
1.33310007559213e-01
1.16530171414729e-01
4.44797143115594e-01
1.67935519191305e-01
3.25053070894123e-01
1.24152584369252e-01
3.00502519143993e-01
4.83693000697760e-01
4.43197865109802e-01
2.49976854171776e-01
