2.58421492923737e-01
4.36644232657445e-01
1.12661031141502e-01
2.10848248556277e-01
8.53755292548745e-02
-8.84474947904828e-02
-5.61907775295193e-02
-1.59657736708361e-01
1.37693162865489e-01
1.37496123221454e-01
-1.33686914901840e-01
1.80225128059253e-02
9.62780359544713e-02
5.84251844105841e-01
-8.17200034590840e-02
1.26954798098857e-01
5.69450261734379e-01
6.82770876536688e-02
1.33350849460507e-01
-1.26260659013256e-01
8.38516626674575e-01
1.84681163079105e-01
1.32734331649394e-01
4.70637842248799e-01
7.25379166723971e-02
1.22053160100619e-01
7.35625282668094e-03
-1.14249925136377e-01
6.30400693505756e-01
7.76984400218087e-01
2.51799974842927e-01
-1.21653913715431e-01
2.59724242282142e-01
3.66580114949030e-01
4.75040898706778e-01
1.36290111878433e-01
1.32389018256887e-01
8.10642946386564e-01
1.21601501178794e-01
1.15917197679168e-01
1.16404603213002e-01
6.22694938496363e-01
1.88057005447317e-01
8.03429732367796e-02
8.69454365109485e-02
6.00791280135045e-01
8.03759465555137e-02
5.71007787973805e-01
5.73789973003046e-01
1.05773755266149e-01
4.74381338024477e-01
2.53043928247622e-01
5.12601029004134e-01
9.95095128650726e-02
5.11996429916830e-01
1.83573328600904e-01
3.52700447602530e-01
2.01959617939361e-01
8.00693849178281e-02
1.59763416743635e-01
1.40728560262610e-01
2.78123086472041e-01
1.71972717078580e-01
2.16463332297768e-01
5.18388558955172e-01
8.05551480270227e-02
6.92414919712720e-01
3.62555546862621e-01
1.51746632542364e-01
3.42206650587992e-01
1.90322458175303e-01
2.33665339118794e-01
6.21324376065335e-01
2.70010840789200e-01
1.98860839957652e-01
1.38878127632126e-01
1.34663589981148e-01
3.37546961824371e-01
2.19184295016574e-01
3.18563024277075e-01
-4.41351473016270e-02
3.39253666590953e-01
5.66366212586228e-01
2.27360176800206e-01
2.35428079949939e-01
2.64008582082692e-01
4.20628229946626e-01
-5.87048286729742e-02
1.09675604964327e-01
2.60550776459746e-01
4.27938454513942e-01
1.81318854692045e-01
1.99046560443357e-01
2.72208171222086e-01
2.33883452042751e-01
1.39984907582393e-01
3.74718590836133e-01
3.95935272943101e-01
1.75233916447677e-01
2.45710158228767e-01
1.83091086349396e-01
6.95771198485880e-01
1.49313771462811e-01
2.03187028764341e-01
1.33795159523917e+00
2.83184929464050e-01
1.98407786692288e-01
1.78934394245550e-01
-1.46854102335388e+00
1.46740305681334e-01
2.20942713539826e-01
-8.97820998983955e-02
6.54411201289945e-01
4.52665668752758e-01
1.54284248562874e-01
1.36087150332245e-01
9.62537619152346e-02
1.80058129371369e-01
5.27816606685575e-01
1.67974831825135e-01
1.51244991405019e-01
4.07415338413714e-01
-1.49391990941420e+00
1.87564330834285e-01
2.70914247943841e-01
1.47401566952617e-01
6.39908202167465e-01
2.32120209080380e-01
5.66680231527115e-02
6.04050182999912e-01
-1.84327828153356e-01
1.92125078907192e-01
2.06726749171735e-01
1.40108937660357e-01
3.87017371060235e-01
1.40916063863945e-01
2.05322633184769e-01
7.78134801182349e-02
1.64680559025217e-01
-1.50094270783704e+00
1.04591963508092e-01
2.19600530910433e-01
1.52071079476466e-01
-1.27824000131245e+00
4.31394525304545e-01
9.20159921865836e-02
-1.83397661944729e+00
1.87952817668553e-01
9.60548237020386e-02
2.39986985374035e-01
1.50381757142036e-01
1.26033760625443e-01
-2.91420141272143e-01
2.19679284355073e-01
5.36737892901487e-01
2.11014838837116e-01
-2.19636177933955e+00
1.17757615959470e-01
1.39002265152559e-01
1.70718008955033e-01
1.42225788867038e-01
1.59451126725905e-01
1.95818941558134e-01
1.74118852117583e-01
1.31426710727980e-01
5.66654721794767e-02
1.25277824317951e-01
7.95605197928961e-02
4.27683257444903e-01
3.11858551395049e-01
5.95393146105430e-01
8.68136823038471e-02
6.25746059564715e-01
1.52106114517739e-01
1.07346893964426e-01
1.63252636049123e-01
4.33334891522524e-01
3.06220813628933e-01
1.23410721050451e-01
1.91229766888821e-01
6.77125962325753e-02
5.83517810982330e-01
7.29729738478441e-02
1.36379603286763e-01
9.63094969105019e-02
1.38620513892939e-01
2.74016446820751e-02
9.99423561152968e-02
8.29865019798595e-02
9.77133647116483e-02
7.00935816587156e-02
1.65816045801955e-01
1.85250872057278e-01
1.10960059781513e-01
1.27497623421495e-01
7.31877739623480e-02
2.09950576154625e-01
1.11093125079948e-01
1.00440949907768e-01
5.50905995733820e-01
1.80280528998502e-01
1.79926108128892e-01
4.71265241340067e-01
6.26770504654717e-02
2.25953296211704e-01
1.48312986963721e-01
8.86575709968333e-02
1.08698437283290e-01
3.45070023796180e-02
1.73515314469716e-01
2.19954613535234e-01
1.30012776216774e-01
1.41175969133173e-01
7.93283410161511e-02
7.00682839838726e-02
3.81849905628817e-02
7.89472348302232e-02
1.25512105448500e-01
1.39711333505328e-01
1.66903619101936e-01
1.18594092230624e-01
1.13709757601123e-01
3.85431792492808e-02
1.56496458835204e-01
8.70895664987098e-02
3.27593783687232e-02
8.53880013777093e-02
9.13897313990538e-02
7.16665771003680e-02
1.17494279285665e-01
3.23429426695710e-02
1.59950797037458e-01
1.52531548994888e-01
1.97583357381762e-01
9.32307916114541e-02
7.64468395617150e-02
1.00235945802756e-01
1.22404274443961e-01
2.37904844577386e-01
1.02582133377869e-01
1.16741633272879e-01
3.79519472198384e-02
1.20916382652899e-01
7.77426108145181e-02
1.04128641423541e-01
6.04660631104419e-02
1.05190122749336e-01
1.62012913322534e-01
8.31958929001325e-02
1.26935238542996e-01
2.84386215851720e-01
1.33237834703984e-01
2.51390244140255e-02
1.87543524694458e-01
1.07954328443820e-01
1.03052060346816e-01
3.81936035533008e-02
9.31986887233246e-02
7.36374782899437e-02
1.08901890384008e-01
1.81822282348412e-01
2.35146890652282e-01
2.61773836178900e-02
6.80114764667833e-02
1.14961123070087e-01
2.35901023685590e-01
1.83436908081514e-01
3.20586335609693e-02
9.55435452056302e-02
7.37928070083176e-02
1.57492320668046e-01
1.33769334375667e-01
1.58744199263809e-01
1.81435866452020e-01
1.35459596255739e-01
3.93451388419504e-02
1.69357605088249e-01
3.99519504482409e-02
9.62930820888869e-02
1.11960565935494e-01
1.27544640497149e-01
2.94922640089777e-01
1.96806313341549e-01
1.80032123686261e-01
1.37394052876138e-01
1.39155024467021e-01
2.02548059187330e-01
6.72357125208568e-02
1.22898266850392e-02
1.74152684976067e-01
3.47540572258963e-02
9.89798663740165e-02
1.35143100692644e-01
2.78474693521831e-01
9.52122133665081e-02
2.44683729223004e-02
5.98505444753922e-02
9.69490340685858e-02
2.30830135001134e-01
1.94603167192343e-01
3.30021166666954e-02
6.74962447996190e-02
1.88961784131551e-01
1.18145095808573e-01
3.46045274686819e-02
2.76962205154687e-01
1.58918607921566e-01
6.72011801344086e-02
6.64739297094364e-02
2.15614540983412e-01
3.85940049824281e-02
3.39132765539273e-01
1.25047652390593e-01
2.51603286010071e-01
1.69285403749247e-01
2.08826772699166e-01
9.53703099327296e-02
6.65573295696112e-02
1.65955181255796e-01
9.40749082359423e-02
1.57233035392127e-01
1.58403099270649e-01
2.03761018686103e-01
1.56445565034216e-01
1.24686293837207e-02
7.46492365816127e-02
4.30616848390492e-02
2.66980184055394e-01
1.94759109568482e-01
6.93927740191087e-02
3.90924106982187e-02
6.53872831792887e-02
1.43972304942924e-01
1.86380262049873e-01
1.83812575542240e-01
1.19454218411275e-01
2.12899249886543e-01
6.32192419643121e-02
2.35573719996569e-01
2.32709586522959e-01
8.35934451141625e-02
1.36848060828105e-01
1.03056825514553e-01
1.04795632062226e-01
2.43378328360400e-01
7.89124956222586e-02
3.27976241176880e-02
1.83387932746440e-01
1.25536886331352e-01
2.79508755026945e-02
1.70727166697618e-01
2.60666487600363e-01
1.32279831157013e-01
1.46723083470407e-01
2.44048769365417e-01
9.95772862937889e-02
7.95531634395385e-02
1.38214606770326e-01
1.12920354954290e-01
2.41302363934907e-01
1.01151712207296e-01
1.58345996111781e-01
2.07126120996230e-01
1.03491400769687e-01
2.18731091373641e-01
1.08351385961727e-01
1.53442893607768e-01
2.39888787565264e-01
8.26658396177076e-02
2.11426973905365e-01
1.16332861803165e-01
1.48318124514907e-01
4.37007518054326e-02
1.24737652593908e-01
1.73543588803598e-01
9.85917896223088e-02
9.91340714494180e-02
1.37355677274677e-01
6.84365800295062e-02
1.17926642021813e-01
1.45475288421494e-01
1.31076008456875e-01
1.52182191325438e-01
6.28233079397781e-02
2.10144399854981e-01
2.39286315964505e-01
1.86740073144478e-01
1.31246960315515e-01
1.12692673262709e-01
2.16314186233737e-01
1.56666810649647e-01
1.35033177712092e-01
1.79116472578172e-01
1.48893153256640e-01
1.34526390346781e-01
2.05808782081541e-01
1.82704829552232e-01
1.01699561983785e-01
1.92001878209689e-02
1.86445544345214e-01
1.90217629511638e-01
9.03260164008821e-02
1.61413090607980e-01
7.76805279171350e-02
1.84319167829607e-01
2.70185915464600e-01
1.75370068884494e-01
2.33212615197059e-01
1.10581070610154e-01
9.62376895272188e-02
1.57894090574933e-02
2.12727096892312e-01
2.24968570277622e-01
1.95900946551171e-01
6.01792597867128e-02
2.52028113112640e-01
1.59553332788023e-01
1.85749254315843e-01
2.15289775701254e-01
2.14789613730450e-01
1.25219845178332e-01
9.92369877807548e-02
8.56604044784723e-02
1.78861881051118e-01
2.08176078960171e-01
1.63283339881324e-01
1.01618458627840e-01
1.87059562346173e-01
1.34371585227183e-01
1.53114289299387e-01
8.47914600566824e-02
1.01581439670806e-01
2.54138760721028e-01
8.12471937647187e-02
1.69999583263825e-01
1.59397997367585e-01
7.85904638398689e-02
2.27238257872505e-01
1.80133010279465e-01
1.67133571117808e-01
8.90562456869584e-02
1.77520543510148e-01
1.43228978988343e-01
2.09260833204344e-01
8.03824986611520e-02
1.59341026469767e-01
1.08114853356443e-01
2.23617559772872e-01
2.10998053517007e-01
1.09950304150441e-01
2.53441272697658e-01
1.54115420630307e-01
2.00796879940749e-01
1.15156743761440e-01
2.04347507957836e-01
9.56288907588552e-02
1.10561877573436e-01
1.57261015672937e-01
2.81683206287732e-01
1.28531760324833e-01
8.42967199512000e-02
1.40142050046926e-01
1.61863272981258e-01
2.60823567233042e-01
1.03636107239700e-01
2.23913221340687e-01
1.71916907313407e-01
1.40775788872169e-01
8.89925686557030e-02
1.11580004920612e-01
1.86347790548205e-01
1.41539490777821e-01
2.53534594754631e-01
1.59640442240803e-01
2.05630031742737e-01
2.16247433673033e-01
1.16763762651531e-01
1.40616221098107e-01
1.40975451746070e-01
1.69567230999653e-01
1.12561976725134e-01
1.78188911064014e-01
2.33713834313791e-01
2.51478725750947e-01
1.59901310669979e-01
1.31365788963242e-01
1.60387082575633e-01
3.04617070372782e-01
2.21706164536946e-01
1.36561514067776e-01
2.78572686079882e-01
1.51850933418463e-01
2.34077148194445e-01
2.50099929205573e-01
2.09859243773000e-01
2.59208311087014e-01
1.43971667199615e-01
1.11326055325656e-01
2.73094075217657e-01
2.35886672890349e-01
1.89754977633520e-01
1.98611484418354e-01
1.84799035635468e-01
2.35715506356211e-01
1.35465179913082e-01
1.74778586574836e-01
2.32737012626825e-01
1.48137061545031e-01
2.10755346634962e-01
1.29319363886274e-01
1.45547992101162e-01
1.81858504911708e-01
2.05947618485681e-01
2.95389939430628e-01
2.03800418446769e-01
1.61853101401843e-01
4.07523629112484e-02
1.26824637726429e-01
2.32149110057277e-01
1.30659906604302e-01
1.92749464163907e-01
2.08815330233324e-01
5.32482864519434e-02
1.74030093328659e-01
1.50885919931084e-01
1.74188002760678e-01
1.01465321693941e-01
2.95125446231848e-01
2.32067438701380e-01
2.70659234096975e-01
1.36873618731540e-01
5.25434010250722e-02
1.74160057246827e-01
1.31911839654338e-01
1.22999258582229e-01
1.02046201128392e-01
2.51225674950690e-01
1.65566507003086e-01
1.02673214432082e-01
1.66061705781096e-01
2.40706033100588e-01
2.00139035465635e-01
2.19300307750086e-01
1.17665223813923e-01
2.29278910796571e-01
1.12527211860830e-01
1.82597759362209e-01
1.06442286182833e-01
1.91320429064013e-01
2.34263051730281e-01
9.24399752479268e-02
3.60619694776685e-01
1.18676596736893e-01
2.74266379365900e-01
2.74497420467225e-01
3.71704315623060e-01
1.65809138486908e-01
2.77958058609948e-01
2.07734358466706e-01
1.60927329697900e-01
8.12181088999318e-02
1.95556801831131e-01
1.10661336208059e-01
3.76263475306721e-01
3.85119382047359e-01
1.89739644985854e-01
8.39750804041331e-02
4.74182048850502e-01
7.83663878588961e-02
1.90720026725615e-01
8.07207209554412e-02
7.53211792679184e-02
2.86179034814530e-01
1.12236287814737e-01
2.49229900724878e-01
7.19223512126569e-02
7.30293170554492e-02
5.52667396256819e-01
2.28781081458313e-01
2.67583074535174e-01
1.46208126169001e-01
6.95225092293314e-02
1.22821130278771e-01
1.30514425731699e-01
1.17371148122080e-01
4.33275012766547e-01
1.64147562698795e-01
3.11070602258417e-01
1.22344990496193e-01
2.88256423428691e-01
4.77361083005337e-01
4.38692990890557e-01
2.46591323131820e-01
