32
# x y z
-20	0	0
-18.709677419355	0	0
-17.41935483871	0	0
-16.129032258065	0	0
-14.838709677419	0	0
-13.548387096774	0	0
-12.258064516129	0	0
-10.967741935484	0	0
-9.6774193548387	0	0
-8.3870967741935	0	0
-7.0967741935484	0	0
-5.8064516129032	0	0
-4.5161290322581	0	0
-3.2258064516129	0	0
-1.9354838709677	0	0
-0.64516129032258	0	0
0.64516129032258	0	0
1.9354838709677	0	0
3.2258064516129	0	0
4.5161290322581	0	0
5.8064516129032	0	0
7.0967741935484	0	0
8.3870967741935	0	0
9.6774193548387	0	0
10.967741935484	0	0
12.258064516129	0	0
13.548387096774	0	0
14.838709677419	0	0
16.129032258065	0	0
17.41935483871	0	0
18.709677419355	0	0
20	0	0
225
# a b m n err i ip iperr k r rhoa u valid 
1	4	2	3	0.00000000000000e+00	0.00000000000000e+00	0.00000000000000e+00	0.00000000000000e+00	8.10733588023171e+00	0.00000000000000e+00	1.00336999715090e+02	0.00000000000000e+00	1
2	5	3	4	0.00000000000000e+00	0.00000000000000e+00	0.00000000000000e+00	0.00000000000000e+00	8.10733588023173e+00	0.00000000000000e+00	1.00367108872510e+02	0.00000000000000e+00	1
3	6	4	5	0.00000000000000e+00	0.00000000000000e+00	0.00000000000000e+00	0.00000000000000e+00	8.10733588023173e+00	0.00000000000000e+00	1.00342710392800e+02	0.00000000000000e+00	1
4	7	5	6	0.00000000000000e+00	0.00000000000000e+00	0.00000000000000e+00	0.00000000000000e+00	8.10733588023172e+00	0.00000000000000e+00	1.00349965368010e+02	0.00000000000000e+00	1
5	8	6	7	0.00000000000000e+00	0.00000000000000e+00	0.00000000000000e+00	0.00000000000000e+00	8.10733588023172e+00	0.00000000000000e+00	1.00307306064836e+02	0.00000000000000e+00	1
6	9	7	8	0.00000000000000e+00	0.00000000000000e+00	0.00000000000000e+00	0.00000000000000e+00	8.10733588023174e+00	0.00000000000000e+00	1.00320396766860e+02	0.00000000000000e+00	1
7	10	8	9	0.00000000000000e+00	0.00000000000000e+00	0.00000000000000e+00	0.00000000000000e+00	8.10733588023172e+00	0.00000000000000e+00	1.00263796604141e+02	0.00000000000000e+00	1
8	11	9	10	0.00000000000000e+00	0.00000000000000e+00	0.00000000000000e+00	0.00000000000000e+00	8.10733588023172e+00	0.00000000000000e+00	1.00239195215643e+02	0.00000000000000e+00	1
9	12	10	11	0.00000000000000e+00	0.00000000000000e+00	0.00000000000000e+00	0.00000000000000e+00	8.10733588023174e+00	0.00000000000000e+00	1.00194528676787e+02	0.00000000000000e+00	1
10	13	11	12	0.00000000000000e+00	0.00000000000000e+00	0.00000000000000e+00	0.00000000000000e+00	8.10733588023172e+00	0.00000000000000e+00	1.00085490346655e+02	0.00000000000000e+00	1
11	14	12	13	0.00000000000000e+00	0.00000000000000e+00	0.00000000000000e+00	0.00000000000000e+00	8.10733588023172e+00	0.00000000000000e+00	1.00015799456284e+02	0.00000000000000e+00	1
12	15	13	14	0.00000000000000e+00	0.00000000000000e+00	0.00000000000000e+00	0.00000000000000e+00	8.10733588023173e+00	0.00000000000000e+00	9.97677137735628e+01	0.00000000000000e+00	1
13	16	14	15	0.00000000000000e+00	0.00000000000000e+00	0.00000000000000e+00	0.00000000000000e+00	8.10733588023173e+00	0.00000000000000e+00	9.91657330394910e+01	0.00000000000000e+00	1
14	17	15	16	0.00000000000000e+00	0.00000000000000e+00	0.00000000000000e+00	0.00000000000000e+00	8.10733588023171e+00	0.00000000000000e+00	9.76545323634308e+01	0.00000000000000e+00	1
15	18	16	17	0.00000000000000e+00	0.00000000000000e+00	0.00000000000000e+00	0.00000000000000e+00	8.10733588023173e+00	0.00000000000000e+00	9.47742596989133e+01	0.00000000000000e+00	1
16	19	17	18	0.00000000000000e+00	0.00000000000000e+00	0.00000000000000e+00	0.00000000000000e+00	8.10733588023173e+00	0.00000000000000e+00	9.28985855134237e+01	0.00000000000000e+00	1
17	20	18	19	0.00000000000000e+00	0.00000000000000e+00	0.00000000000000e+00	0.00000000000000e+00	8.10733588023171e+00	0.00000000000000e+00	9.05778832469134e+01	0.00000000000000e+00	1
18	21	19	20	0.00000000000000e+00	0.00000000000000e+00	0.00000000000000e+00	0.00000000000000e+00	8.10733588023173e+00	0.00000000000000e+00	8.82711785807556e+01	0.00000000000000e+00	1
19	22	20	21	0.00000000000000e+00	0.00000000000000e+00	0.00000000000000e+00	0.00000000000000e+00	8.10733588023173e+00	0.00000000000000e+00	9.12273539012368e+01	0.00000000000000e+00	1
20	23	21	22	0.00000000000000e+00	0.00000000000000e+00	0.00000000000000e+00	0.00000000000000e+00	8.10733588023171e+00	0.00000000000000e+00	9.44322284992061e+01	0.00000000000000e+00	1
21	24	22	23	0.00000000000000e+00	0.00000000000000e+00	0.00000000000000e+00	0.00000000000000e+00	8.10733588023173e+00	0.00000000000000e+00	9.67875437729068e+01	0.00000000000000e+00	1
22	25	23	24	0.00000000000000e+00	0.00000000000000e+00	0.00000000000000e+00	0.00000000000000e+00	8.10733588023173e+00	0.00000000000000e+00	9.83405610153384e+01	0.00000000000000e+00	1
23	26	24	25	0.00000000000000e+00	0.00000000000000e+00	0.00000000000000e+00	0.00000000000000e+00	8.10733588023171e+00	0.00000000000000e+00	9.92267042183166e+01	0.00000000000000e+00	1
24	27	25	26	0.00000000000000e+00	0.00000000000000e+00	0.00000000000000e+00	0.00000000000000e+00	8.10733588023173e+00	0.00000000000000e+00	9.97234844066372e+01	0.00000000000000e+00	1
25	28	26	27	0.00000000000000e+00	0.00000000000000e+00	0.00000000000000e+00	0.00000000000000e+00	8.10733588023172e+00	0.00000000000000e+00	9.99613659086220e+01	0.00000000000000e+00	1
26	29	27	28	0.00000000000000e+00	0.00000000000000e+00	0.00000000000000e+00	0.00000000000000e+00	8.10733588023172e+00	0.00000000000000e+00	1.00145679330022e+02	0.00000000000000e+00	1
27	30	28	29	0.00000000000000e+00	0.00000000000000e+00	0.00000000000000e+00	0.00000000000000e+00	8.10733588023175e+00	0.00000000000000e+00	1.00221070551645e+02	0.00000000000000e+00	1
28	31	29	30	0.00000000000000e+00	0.00000000000000e+00	0.00000000000000e+00	0.00000000000000e+00	8.10733588023169e+00	0.00000000000000e+00	1.00268974433568e+02	0.00000000000000e+00	1
29	32	30	31	0.00000000000000e+00	0.00000000000000e+00	0.00000000000000e+00	0.00000000000000e+00	8.10733588023175e+00	0.00000000000000e+00	1.00331769826328e+02	0.00000000000000e+00	1
1	6	3	4	0.00000000000000e+00	0.00000000000000e+00	0.00000000000000e+00	0.00000000000000e+00	2.43220076406952e+01	0.00000000000000e+00	1.01475053323967e+02	0.00000000000000e+00	1
2	7	4	5	0.00000000000000e+00	0.00000000000000e+00	0.00000000000000e+00	0.00000000000000e+00	2.43220076406952e+01	0.00000000000000e+00	1.01438107419824e+02	0.00000000000000e+00	1
3	8	5	6	0.00000000000000e+00	0.00000000000000e+00	0.00000000000000e+00	0.00000000000000e+00	2.43220076406951e+01	0.00000000000000e+00	1.01395791934075e+02	0.00000000000000e+00	1
4	9	6	7	0.00000000000000e+00	0.00000000000000e+00	0.00000000000000e+00	0.00000000000000e+00	2.43220076406951e+01	0.00000000000000e+00	1.01342242782702e+02	0.00000000000000e+00	1
5	10	7	8	0.00000000000000e+00	0.00000000000000e+00	0.00000000000000e+00	0.00000000000000e+00	2.43220076406952e+01	0.00000000000000e+00	1.01291322940001e+02	0.00000000000000e+00	1
6	11	8	9	0.00000000000000e+00	0.00000000000000e+00	0.00000000000000e+00	0.00000000000000e+00	2.43220076406951e+01	0.00000000000000e+00	1.01211010377944e+02	0.00000000000000e+00	1
7	12	9	10	0.00000000000000e+00	0.00000000000000e+00	0.00000000000000e+00	0.00000000000000e+00	2.43220076406951e+01	0.00000000000000e+00	1.01076413988390e+02	0.00000000000000e+00	1
8	13	10	11	0.00000000000000e+00	0.00000000000000e+00	0.00000000000000e+00	0.00000000000000e+00	2.43220076406952e+01	0.00000000000000e+00	1.00872342285503e+02	0.00000000000000e+00	1
9	14	11	12	0.00000000000000e+00	0.00000000000000e+00	0.00000000000000e+00	0.00000000000000e+00	2.43220076406951e+01	0.00000000000000e+00	1.00515873501988e+02	0.00000000000000e+00	1
10	15	12	13	0.00000000000000e+00	0.00000000000000e+00	0.00000000000000e+00	0.00000000000000e+00	2.43220076406951e+01	0.00000000000000e+00	9.98062578270848e+01	0.00000000000000e+00	1
11	16	13	14	0.00000000000000e+00	0.00000000000000e+00	0.00000000000000e+00	0.00000000000000e+00	2.43220076406952e+01	0.00000000000000e+00	9.83906003179300e+01	0.00000000000000e+00	1
12	17	14	15	0.00000000000000e+00	0.00000000000000e+00	0.00000000000000e+00	0.00000000000000e+00	2.43220076406952e+01	0.00000000000000e+00	9.53511076590855e+01	0.00000000000000e+00	1
13	18	15	16	0.00000000000000e+00	0.00000000000000e+00	0.00000000000000e+00	0.00000000000000e+00	2.43220076406951e+01	0.00000000000000e+00	9.01000655027762e+01	0.00000000000000e+00	1
14	19	16	17	0.00000000000000e+00	0.00000000000000e+00	0.00000000000000e+00	0.00000000000000e+00	2.43220076406952e+01	0.00000000000000e+00	8.61248734942158e+01	0.00000000000000e+00	1
15	20	17	18	0.00000000000000e+00	0.00000000000000e+00	0.00000000000000e+00	0.00000000000000e+00	2.43220076406952e+01	0.00000000000000e+00	8.32937579567410e+01	0.00000000000000e+00	1
16	21	18	19	0.00000000000000e+00	0.00000000000000e+00	0.00000000000000e+00	0.00000000000000e+00	2.43220076406951e+01	0.00000000000000e+00	7.63240826721802e+01	0.00000000000000e+00	1
17	22	19	20	0.00000000000000e+00	0.00000000000000e+00	0.00000000000000e+00	0.00000000000000e+00	2.43220076406952e+01	0.00000000000000e+00	7.11209757416208e+01	0.00000000000000e+00	1
18	23	20	21	0.00000000000000e+00	0.00000000000000e+00	0.00000000000000e+00	0.00000000000000e+00	2.43220076406952e+01	0.00000000000000e+00	7.45222148292274e+01	0.00000000000000e+00	1
19	24	21	22	0.00000000000000e+00	0.00000000000000e+00	0.00000000000000e+00	0.00000000000000e+00	2.43220076406951e+01	0.00000000000000e+00	8.25068253708406e+01	0.00000000000000e+00	1
20	25	22	23	0.00000000000000e+00	0.00000000000000e+00	0.00000000000000e+00	0.00000000000000e+00	2.43220076406952e+01	0.00000000000000e+00	8.93115458702476e+01	0.00000000000000e+00	1
21	26	23	24	0.00000000000000e+00	0.00000000000000e+00	0.00000000000000e+00	0.00000000000000e+00	2.43220076406952e+01	0.00000000000000e+00	9.37970269077995e+01	0.00000000000000e+00	1
22	27	24	25	0.00000000000000e+00	0.00000000000000e+00	0.00000000000000e+00	0.00000000000000e+00	2.43220076406951e+01	0.00000000000000e+00	9.66178912095981e+01	0.00000000000000e+00	1
23	28	25	26	0.00000000000000e+00	0.00000000000000e+00	0.00000000000000e+00	0.00000000000000e+00	2.43220076406952e+01	0.00000000000000e+00	9.85631107078859e+01	0.00000000000000e+00	1
24	29	26	27	0.00000000000000e+00	0.00000000000000e+00	0.00000000000000e+00	0.00000000000000e+00	2.43220076406952e+01	0.00000000000000e+00	9.98320954478655e+01	0.00000000000000e+00	1
25	30	27	28	0.00000000000000e+00	0.00000000000000e+00	0.00000000000000e+00	0.00000000000000e+00	2.43220076406952e+01	0.00000000000000e+00	1.00568440172813e+02	0.00000000000000e+00	1
26	31	28	29	0.00000000000000e+00	0.00000000000000e+00	0.00000000000000e+00	0.00000000000000e+00	2.43220076406952e+01	0.00000000000000e+00	1.00984653676420e+02	0.00000000000000e+00	1
27	32	29	30	0.00000000000000e+00	0.00000000000000e+00	0.00000000000000e+00	0.00000000000000e+00	2.43220076406951e+01	0.00000000000000e+00	1.01216427722342e+02	0.00000000000000e+00	1
1	8	4	5	0.00000000000000e+00	0.00000000000000e+00	0.00000000000000e+00	0.00000000000000e+00	4.86440152813904e+01	0.00000000000000e+00	1.03500103980963e+02	0.00000000000000e+00	1
2	9	5	6	0.00000000000000e+00	0.00000000000000e+00	0.00000000000000e+00	0.00000000000000e+00	4.86440152813904e+01	0.00000000000000e+00	1.03391142138058e+02	0.00000000000000e+00	1
3	10	6	7	0.00000000000000e+00	0.00000000000000e+00	0.00000000000000e+00	0.00000000000000e+00	4.86440152813903e+01	0.00000000000000e+00	1.03258324273472e+02	0.00000000000000e+00	1
4	11	7	8	0.00000000000000e+00	0.00000000000000e+00	0.00000000000000e+00	0.00000000000000e+00	4.86440152813904e+01	0.00000000000000e+00	1.03112419745150e+02	0.00000000000000e+00	1
5	12	8	9	0.00000000000000e+00	0.00000000000000e+00	0.00000000000000e+00	0.00000000000000e+00	4.86440152813904e+01	0.00000000000000e+00	1.02893477708909e+02	0.00000000000000e+00	1
6	13	9	10	0.00000000000000e+00	0.00000000000000e+00	0.00000000000000e+00	0.00000000000000e+00	4.86440152813904e+01	0.00000000000000e+00	1.02526613919985e+02	0.00000000000000e+00	1
7	14	10	11	0.00000000000000e+00	0.00000000000000e+00	0.00000000000000e+00	0.00000000000000e+00	4.86440152813904e+01	0.00000000000000e+00	1.01907396933385e+02	0.00000000000000e+00	1
8	15	11	12	0.00000000000000e+00	0.00000000000000e+00	0.00000000000000e+00	0.00000000000000e+00	4.86440152813903e+01	0.00000000000000e+00	1.00780762173019e+02	0.00000000000000e+00	1
9	16	12	13	0.00000000000000e+00	0.00000000000000e+00	0.00000000000000e+00	0.00000000000000e+00	4.86440152813904e+01	0.00000000000000e+00	9.86853167286495e+01	0.00000000000000e+00	1
10	17	13	14	0.00000000000000e+00	0.00000000000000e+00	0.00000000000000e+00	0.00000000000000e+00	4.86440152813904e+01	0.00000000000000e+00	9.47539152602086e+01	0.00000000000000e+00	1
11	18	14	15	0.00000000000000e+00	0.00000000000000e+00	0.00000000000000e+00	0.00000000000000e+00	4.86440152813904e+01	0.00000000000000e+00	8.91492990089991e+01	0.00000000000000e+00	1
12	19	15	16	0.00000000000000e+00	0.00000000000000e+00	0.00000000000000e+00	0.00000000000000e+00	4.86440152813903e+01	0.00000000000000e+00	8.52975189898856e+01	0.00000000000000e+00	1
13	20	16	17	0.00000000000000e+00	0.00000000000000e+00	0.00000000000000e+00	0.00000000000000e+00	4.86440152813904e+01	0.00000000000000e+00	8.36538821422898e+01	0.00000000000000e+00	1
14	21	17	18	0.00000000000000e+00	0.00000000000000e+00	0.00000000000000e+00	0.00000000000000e+00	4.86440152813904e+01	0.00000000000000e+00	7.78259761582846e+01	0.00000000000000e+00	1
15	22	18	19	0.00000000000000e+00	0.00000000000000e+00	0.00000000000000e+00	0.00000000000000e+00	4.86440152813903e+01	0.00000000000000e+00	6.62559347239934e+01	0.00000000000000e+00	1
16	23	19	20	0.00000000000000e+00	0.00000000000000e+00	0.00000000000000e+00	0.00000000000000e+00	4.86440152813904e+01	0.00000000000000e+00	6.07221458270147e+01	0.00000000000000e+00	1
17	24	20	21	0.00000000000000e+00	0.00000000000000e+00	0.00000000000000e+00	0.00000000000000e+00	4.86440152813904e+01	0.00000000000000e+00	6.43361697968738e+01	0.00000000000000e+00	1
18	25	21	22	0.00000000000000e+00	0.00000000000000e+00	0.00000000000000e+00	0.00000000000000e+00	4.86440152813903e+01	0.00000000000000e+00	7.31500296142249e+01	0.00000000000000e+00	1
19	26	22	23	0.00000000000000e+00	0.00000000000000e+00	0.00000000000000e+00	0.00000000000000e+00	4.86440152813904e+01	0.00000000000000e+00	8.31548989962159e+01	0.00000000000000e+00	1
20	27	23	24	0.00000000000000e+00	0.00000000000000e+00	0.00000000000000e+00	0.00000000000000e+00	4.86440152813904e+01	0.00000000000000e+00	8.98139599949339e+01	0.00000000000000e+00	1
21	28	24	25	0.00000000000000e+00	0.00000000000000e+00	0.00000000000000e+00	0.00000000000000e+00	4.86440152813902e+01	0.00000000000000e+00	9.35064273580174e+01	0.00000000000000e+00	1
22	29	25	26	0.00000000000000e+00	0.00000000000000e+00	0.00000000000000e+00	0.00000000000000e+00	4.86440152813903e+01	0.00000000000000e+00	9.64527531563202e+01	0.00000000000000e+00	1
23	30	26	27	0.00000000000000e+00	0.00000000000000e+00	0.00000000000000e+00	0.00000000000000e+00	4.86440152813904e+01	0.00000000000000e+00	9.90579428490106e+01	0.00000000000000e+00	1
24	31	27	28	0.00000000000000e+00	0.00000000000000e+00	0.00000000000000e+00	0.00000000000000e+00	4.86440152813904e+01	0.00000000000000e+00	1.00974339846254e+02	0.00000000000000e+00	1
25	32	28	29	0.00000000000000e+00	0.00000000000000e+00	0.00000000000000e+00	0.00000000000000e+00	4.86440152813904e+01	0.00000000000000e+00	1.02171964842511e+02	0.00000000000000e+00	1
1	10	5	6	0.00000000000000e+00	0.00000000000000e+00	0.00000000000000e+00	0.00000000000000e+00	8.10733588023172e+01	0.00000000000000e+00	1.06438575762438e+02	0.00000000000000e+00	1
2	11	6	7	0.00000000000000e+00	0.00000000000000e+00	0.00000000000000e+00	0.00000000000000e+00	8.10733588023172e+01	0.00000000000000e+00	1.06175175825832e+02	0.00000000000000e+00	1
3	12	7	8	0.00000000000000e+00	0.00000000000000e+00	0.00000000000000e+00	0.00000000000000e+00	8.10733588023173e+01	0.00000000000000e+00	1.05842273688047e+02	0.00000000000000e+00	1
4	13	8	9	0.00000000000000e+00	0.00000000000000e+00	0.00000000000000e+00	0.00000000000000e+00	8.10733588023172e+01	0.00000000000000e+00	1.05344335541948e+02	0.00000000000000e+00	1
5	14	9	10	0.00000000000000e+00	0.00000000000000e+00	0.00000000000000e+00	0.00000000000000e+00	8.10733588023172e+01	0.00000000000000e+00	1.04515120407088e+02	0.00000000000000e+00	1
6	15	10	11	0.00000000000000e+00	0.00000000000000e+00	0.00000000000000e+00	0.00000000000000e+00	8.10733588023173e+01	0.00000000000000e+00	1.03075623874757e+02	0.00000000000000e+00	1
7	16	11	12	0.00000000000000e+00	0.00000000000000e+00	0.00000000000000e+00	0.00000000000000e+00	8.10733588023172e+01	0.00000000000000e+00	1.00538806555391e+02	0.00000000000000e+00	1
8	17	12	13	0.00000000000000e+00	0.00000000000000e+00	0.00000000000000e+00	0.00000000000000e+00	8.10733588023172e+01	0.00000000000000e+00	9.62146392142123e+01	0.00000000000000e+00	1
9	18	13	14	0.00000000000000e+00	0.00000000000000e+00	0.00000000000000e+00	0.00000000000000e+00	8.10733588023173e+01	0.00000000000000e+00	9.08464108582919e+01	0.00000000000000e+00	1
10	19	14	15	0.00000000000000e+00	0.00000000000000e+00	0.00000000000000e+00	0.00000000000000e+00	8.10733588023173e+01	0.00000000000000e+00	8.81749183006259e+01	0.00000000000000e+00	1
11	20	15	16	0.00000000000000e+00	0.00000000000000e+00	0.00000000000000e+00	0.00000000000000e+00	8.10733588023171e+01	0.00000000000000e+00	8.79618478828303e+01	0.00000000000000e+00	1
12	21	16	17	0.00000000000000e+00	0.00000000000000e+00	0.00000000000000e+00	0.00000000000000e+00	8.10733588023173e+01	0.00000000000000e+00	8.65414028142776e+01	0.00000000000000e+00	1
13	22	17	18	0.00000000000000e+00	0.00000000000000e+00	0.00000000000000e+00	0.00000000000000e+00	8.10733588023173e+01	0.00000000000000e+00	7.70275391761605e+01	0.00000000000000e+00	1
14	23	18	19	0.00000000000000e+00	0.00000000000000e+00	0.00000000000000e+00	0.00000000000000e+00	8.10733588023171e+01	0.00000000000000e+00	6.14190832423093e+01	0.00000000000000e+00	1
15	24	19	20	0.00000000000000e+00	0.00000000000000e+00	0.00000000000000e+00	0.00000000000000e+00	8.10733588023173e+01	0.00000000000000e+00	5.58999859051731e+01	0.00000000000000e+00	1
16	25	20	21	0.00000000000000e+00	0.00000000000000e+00	0.00000000000000e+00	0.00000000000000e+00	8.10733588023173e+01	0.00000000000000e+00	6.07672572359718e+01	0.00000000000000e+00	1
17	26	21	22	0.00000000000000e+00	0.00000000000000e+00	0.00000000000000e+00	0.00000000000000e+00	8.10733588023171e+01	0.00000000000000e+00	7.11584059479926e+01	0.00000000000000e+00	1
18	27	22	23	0.00000000000000e+00	0.00000000000000e+00	0.00000000000000e+00	0.00000000000000e+00	8.10733588023173e+01	0.00000000000000e+00	8.25825862303200e+01	0.00000000000000e+00	1
19	28	23	24	0.00000000000000e+00	0.00000000000000e+00	0.00000000000000e+00	0.00000000000000e+00	8.10733588023173e+01	0.00000000000000e+00	9.01783863832667e+01	0.00000000000000e+00	1
20	29	24	25	0.00000000000000e+00	0.00000000000000e+00	0.00000000000000e+00	0.00000000000000e+00	8.10733588023170e+01	0.00000000000000e+00	9.34364659079666e+01	0.00000000000000e+00	1
21	30	25	26	0.00000000000000e+00	0.00000000000000e+00	0.00000000000000e+00	0.00000000000000e+00	8.10733588023174e+01	0.00000000000000e+00	9.55767560151219e+01	0.00000000000000e+00	1
22	31	26	27	0.00000000000000e+00	0.00000000000000e+00	0.00000000000000e+00	0.00000000000000e+00	8.10733588023173e+01	0.00000000000000e+00	9.82657626290807e+01	0.00000000000000e+00	1
23	32	27	28	0.00000000000000e+00	0.00000000000000e+00	0.00000000000000e+00	0.00000000000000e+00	8.10733588023173e+01	0.00000000000000e+00	1.01194840196300e+02	0.00000000000000e+00	1
1	12	6	7	0.00000000000000e+00	0.00000000000000e+00	0.00000000000000e+00	0.00000000000000e+00	1.21610038203476e+02	0.00000000000000e+00	1.09916545313406e+02	0.00000000000000e+00	1
2	13	7	8	0.00000000000000e+00	0.00000000000000e+00	0.00000000000000e+00	0.00000000000000e+00	1.21610038203476e+02	0.00000000000000e+00	1.09277860428916e+02	0.00000000000000e+00	1
3	14	8	9	0.00000000000000e+00	0.00000000000000e+00	0.00000000000000e+00	0.00000000000000e+00	1.21610038203476e+02	0.00000000000000e+00	1.08292765230909e+02	0.00000000000000e+00	1
4	15	9	10	0.00000000000000e+00	0.00000000000000e+00	0.00000000000000e+00	0.00000000000000e+00	1.21610038203476e+02	0.00000000000000e+00	1.06654343658959e+02	0.00000000000000e+00	1
5	16	10	11	0.00000000000000e+00	0.00000000000000e+00	0.00000000000000e+00	0.00000000000000e+00	1.21610038203476e+02	0.00000000000000e+00	1.03882550352360e+02	0.00000000000000e+00	1
6	17	11	12	0.00000000000000e+00	0.00000000000000e+00	0.00000000000000e+00	0.00000000000000e+00	1.21610038203476e+02	0.00000000000000e+00	9.95016118990816e+01	0.00000000000000e+00	1
7	18	12	13	0.00000000000000e+00	0.00000000000000e+00	0.00000000000000e+00	0.00000000000000e+00	1.21610038203476e+02	0.00000000000000e+00	9.46205506975476e+01	0.00000000000000e+00	1
8	19	13	14	0.00000000000000e+00	0.00000000000000e+00	0.00000000000000e+00	0.00000000000000e+00	1.21610038203476e+02	0.00000000000000e+00	9.27259610108107e+01	0.00000000000000e+00	1
9	20	14	15	0.00000000000000e+00	0.00000000000000e+00	0.00000000000000e+00	0.00000000000000e+00	1.21610038203476e+02	0.00000000000000e+00	9.37652413839314e+01	0.00000000000000e+00	1
10	21	15	16	0.00000000000000e+00	0.00000000000000e+00	0.00000000000000e+00	0.00000000000000e+00	1.21610038203476e+02	0.00000000000000e+00	9.49027183547306e+01	0.00000000000000e+00	1
11	22	16	17	0.00000000000000e+00	0.00000000000000e+00	0.00000000000000e+00	0.00000000000000e+00	1.21610038203476e+02	0.00000000000000e+00	9.25423033123597e+01	0.00000000000000e+00	1
12	23	17	18	0.00000000000000e+00	0.00000000000000e+00	0.00000000000000e+00	0.00000000000000e+00	1.21610038203476e+02	0.00000000000000e+00	7.91506036284906e+01	0.00000000000000e+00	1
13	24	18	19	0.00000000000000e+00	0.00000000000000e+00	0.00000000000000e+00	0.00000000000000e+00	1.21610038203476e+02	0.00000000000000e+00	5.98638904207759e+01	0.00000000000000e+00	1
14	25	19	20	0.00000000000000e+00	0.00000000000000e+00	0.00000000000000e+00	0.00000000000000e+00	1.21610038203476e+02	0.00000000000000e+00	5.41379186252354e+01	0.00000000000000e+00	1
15	26	20	21	0.00000000000000e+00	0.00000000000000e+00	0.00000000000000e+00	0.00000000000000e+00	1.21610038203476e+02	0.00000000000000e+00	6.03094921311970e+01	0.00000000000000e+00	1
16	27	21	22	0.00000000000000e+00	0.00000000000000e+00	0.00000000000000e+00	0.00000000000000e+00	1.21610038203476e+02	0.00000000000000e+00	7.29845108240155e+01	0.00000000000000e+00	1
17	28	22	23	0.00000000000000e+00	0.00000000000000e+00	0.00000000000000e+00	0.00000000000000e+00	1.21610038203476e+02	0.00000000000000e+00	8.71416327328201e+01	0.00000000000000e+00	1
18	29	23	24	0.00000000000000e+00	0.00000000000000e+00	0.00000000000000e+00	0.00000000000000e+00	1.21610038203476e+02	0.00000000000000e+00	9.56934018673758e+01	0.00000000000000e+00	1
19	30	24	25	0.00000000000000e+00	0.00000000000000e+00	0.00000000000000e+00	0.00000000000000e+00	1.21610038203476e+02	0.00000000000000e+00	9.79612520433623e+01	0.00000000000000e+00	1
20	31	25	26	0.00000000000000e+00	0.00000000000000e+00	0.00000000000000e+00	0.00000000000000e+00	1.21610038203476e+02	0.00000000000000e+00	9.83620999663862e+01	0.00000000000000e+00	1
21	32	26	27	0.00000000000000e+00	0.00000000000000e+00	0.00000000000000e+00	0.00000000000000e+00	1.21610038203476e+02	0.00000000000000e+00	9.94538999919157e+01	0.00000000000000e+00	1
1	14	7	8	0.00000000000000e+00	0.00000000000000e+00	0.00000000000000e+00	0.00000000000000e+00	1.70254053484867e+02	0.00000000000000e+00	1.12958852920640e+02	0.00000000000000e+00	1
2	15	8	9	0.00000000000000e+00	0.00000000000000e+00	0.00000000000000e+00	0.00000000000000e+00	1.70254053484866e+02	0.00000000000000e+00	1.11199261156516e+02	0.00000000000000e+00	1
3	16	9	10	0.00000000000000e+00	0.00000000000000e+00	0.00000000000000e+00	0.00000000000000e+00	1.70254053484866e+02	0.00000000000000e+00	1.08351520360748e+02	0.00000000000000e+00	1
4	17	10	11	0.00000000000000e+00	0.00000000000000e+00	0.00000000000000e+00	0.00000000000000e+00	1.70254053484867e+02	0.00000000000000e+00	1.04090484589215e+02	0.00000000000000e+00	1
5	18	11	12	0.00000000000000e+00	0.00000000000000e+00	0.00000000000000e+00	0.00000000000000e+00	1.70254053484866e+02	0.00000000000000e+00	9.97768064914491e+01	0.00000000000000e+00	1
6	19	12	13	0.00000000000000e+00	0.00000000000000e+00	0.00000000000000e+00	0.00000000000000e+00	1.70254053484866e+02	0.00000000000000e+00	9.85061540915658e+01	0.00000000000000e+00	1
7	20	13	14	0.00000000000000e+00	0.00000000000000e+00	0.00000000000000e+00	0.00000000000000e+00	1.70254053484867e+02	0.00000000000000e+00	1.00022939081394e+02	0.00000000000000e+00	1
8	21	14	15	0.00000000000000e+00	0.00000000000000e+00	0.00000000000000e+00	0.00000000000000e+00	1.70254053484867e+02	0.00000000000000e+00	1.02519008208529e+02	0.00000000000000e+00	1
9	22	15	16	0.00000000000000e+00	0.00000000000000e+00	0.00000000000000e+00	0.00000000000000e+00	1.70254053484866e+02	0.00000000000000e+00	1.03731251678518e+02	0.00000000000000e+00	1
10	23	16	17	0.00000000000000e+00	0.00000000000000e+00	0.00000000000000e+00	0.00000000000000e+00	1.70254053484867e+02	0.00000000000000e+00	9.95740934121528e+01	0.00000000000000e+00	1
11	24	17	18	0.00000000000000e+00	0.00000000000000e+00	0.00000000000000e+00	0.00000000000000e+00	1.70254053484867e+02	0.00000000000000e+00	8.23904097764268e+01	0.00000000000000e+00	1
12	25	18	19	0.00000000000000e+00	0.00000000000000e+00	0.00000000000000e+00	0.00000000000000e+00	1.70254053484866e+02	0.00000000000000e+00	5.99720655784358e+01	0.00000000000000e+00	1
13	26	19	20	0.00000000000000e+00	0.00000000000000e+00	0.00000000000000e+00	0.00000000000000e+00	1.70254053484867e+02	0.00000000000000e+00	5.40326957913997e+01	0.00000000000000e+00	1
14	27	20	21	0.00000000000000e+00	0.00000000000000e+00	0.00000000000000e+00	0.00000000000000e+00	1.70254053484867e+02	0.00000000000000e+00	6.12688186664165e+01	0.00000000000000e+00	1
15	28	21	22	0.00000000000000e+00	0.00000000000000e+00	0.00000000000000e+00	0.00000000000000e+00	1.70254053484866e+02	0.00000000000000e+00	7.61369148270473e+01	0.00000000000000e+00	1
16	29	22	23	0.00000000000000e+00	0.00000000000000e+00	0.00000000000000e+00	0.00000000000000e+00	1.70254053484866e+02	0.00000000000000e+00	9.32455810951815e+01	0.00000000000000e+00	1
17	30	23	24	0.00000000000000e+00	0.00000000000000e+00	0.00000000000000e+00	0.00000000000000e+00	1.70254053484867e+02	0.00000000000000e+00	1.04191455492142e+02	0.00000000000000e+00	1
18	31	24	25	0.00000000000000e+00	0.00000000000000e+00	0.00000000000000e+00	0.00000000000000e+00	1.70254053484866e+02	0.00000000000000e+00	1.06481797726129e+02	0.00000000000000e+00	1
19	32	25	26	0.00000000000000e+00	0.00000000000000e+00	0.00000000000000e+00	0.00000000000000e+00	1.70254053484867e+02	0.00000000000000e+00	1.05114614989411e+02	0.00000000000000e+00	1
1	16	8	9	0.00000000000000e+00	0.00000000000000e+00	0.00000000000000e+00	0.00000000000000e+00	2.27005404646488e+02	0.00000000000000e+00	1.13580174021651e+02	0.00000000000000e+00	1
2	17	9	10	0.00000000000000e+00	0.00000000000000e+00	0.00000000000000e+00	0.00000000000000e+00	2.27005404646488e+02	0.00000000000000e+00	1.09551879981841e+02	0.00000000000000e+00	1
3	18	10	11	0.00000000000000e+00	0.00000000000000e+00	0.00000000000000e+00	0.00000000000000e+00	2.27005404646488e+02	0.00000000000000e+00	1.05771149303406e+02	0.00000000000000e+00	1
4	19	11	12	0.00000000000000e+00	0.00000000000000e+00	0.00000000000000e+00	0.00000000000000e+00	2.27005404646488e+02	0.00000000000000e+00	1.05019322319212e+02	0.00000000000000e+00	1
5	20	12	13	0.00000000000000e+00	0.00000000000000e+00	0.00000000000000e+00	0.00000000000000e+00	2.27005404646488e+02	0.00000000000000e+00	1.06798451609284e+02	0.00000000000000e+00	1
6	21	13	14	0.00000000000000e+00	0.00000000000000e+00	0.00000000000000e+00	0.00000000000000e+00	2.27005404646488e+02	0.00000000000000e+00	1.09660731414016e+02	0.00000000000000e+00	1
7	22	14	15	0.00000000000000e+00	0.00000000000000e+00	0.00000000000000e+00	0.00000000000000e+00	2.27005404646488e+02	0.00000000000000e+00	1.12390954426501e+02	0.00000000000000e+00	1
8	23	15	16	0.00000000000000e+00	0.00000000000000e+00	0.00000000000000e+00	0.00000000000000e+00	2.27005404646488e+02	0.00000000000000e+00	1.12675322319504e+02	0.00000000000000e+00	1
9	24	16	17	0.00000000000000e+00	0.00000000000000e+00	0.00000000000000e+00	0.00000000000000e+00	2.27005404646488e+02	0.00000000000000e+00	1.06411016424558e+02	0.00000000000000e+00	1
10	25	17	18	0.00000000000000e+00	0.00000000000000e+00	0.00000000000000e+00	0.00000000000000e+00	2.27005404646488e+02	0.00000000000000e+00	8.59937112941324e+01	0.00000000000000e+00	1
11	26	18	19	0.00000000000000e+00	0.00000000000000e+00	0.00000000000000e+00	0.00000000000000e+00	2.27005404646488e+02	0.00000000000000e+00	6.09342936135133e+01	0.00000000000000e+00	1
12	27	19	20	0.00000000000000e+00	0.00000000000000e+00	0.00000000000000e+00	0.00000000000000e+00	2.27005404646488e+02	0.00000000000000e+00	5.48077830887790e+01	0.00000000000000e+00	1
13	28	20	21	0.00000000000000e+00	0.00000000000000e+00	0.00000000000000e+00	0.00000000000000e+00	2.27005404646488e+02	0.00000000000000e+00	6.30199461855940e+01	0.00000000000000e+00	1
14	29	21	22	0.00000000000000e+00	0.00000000000000e+00	0.00000000000000e+00	0.00000000000000e+00	2.27005404646488e+02	0.00000000000000e+00	7.97451443431794e+01	0.00000000000000e+00	1
15	30	22	23	0.00000000000000e+00	0.00000000000000e+00	0.00000000000000e+00	0.00000000000000e+00	2.27005404646488e+02	0.00000000000000e+00	9.94883474004007e+01	0.00000000000000e+00	1
16	31	23	24	0.00000000000000e+00	0.00000000000000e+00	0.00000000000000e+00	0.00000000000000e+00	2.27005404646488e+02	0.00000000000000e+00	1.12770043398688e+02	0.00000000000000e+00	1
17	32	24	25	0.00000000000000e+00	0.00000000000000e+00	0.00000000000000e+00	0.00000000000000e+00	2.27005404646488e+02	0.00000000000000e+00	1.16558647257211e+02	0.00000000000000e+00	1
1	18	9	10	0.00000000000000e+00	0.00000000000000e+00	0.00000000000000e+00	0.00000000000000e+00	2.91864091688342e+02	0.00000000000000e+00	1.12285149478294e+02	0.00000000000000e+00	1
2	19	10	11	0.00000000000000e+00	0.00000000000000e+00	0.00000000000000e+00	0.00000000000000e+00	2.91864091688342e+02	0.00000000000000e+00	1.11931347428639e+02	0.00000000000000e+00	1
3	20	11	12	0.00000000000000e+00	0.00000000000000e+00	0.00000000000000e+00	0.00000000000000e+00	2.91864091688342e+02	0.00000000000000e+00	1.13889779343669e+02	0.00000000000000e+00	1
4	21	12	13	0.00000000000000e+00	0.00000000000000e+00	0.00000000000000e+00	0.00000000000000e+00	2.91864091688342e+02	0.00000000000000e+00	1.16833421360759e+02	0.00000000000000e+00	1
5	22	13	14	0.00000000000000e+00	0.00000000000000e+00	0.00000000000000e+00	0.00000000000000e+00	2.91864091688342e+02	0.00000000000000e+00	1.19909453598611e+02	0.00000000000000e+00	1
6	23	14	15	0.00000000000000e+00	0.00000000000000e+00	0.00000000000000e+00	0.00000000000000e+00	2.91864091688342e+02	0.00000000000000e+00	1.21907581201713e+02	0.00000000000000e+00	1
7	24	15	16	0.00000000000000e+00	0.00000000000000e+00	0.00000000000000e+00	0.00000000000000e+00	2.91864091688341e+02	0.00000000000000e+00	1.20896254218234e+02	0.00000000000000e+00	1
8	25	16	17	0.00000000000000e+00	0.00000000000000e+00	0.00000000000000e+00	0.00000000000000e+00	2.91864091688342e+02	0.00000000000000e+00	1.12881578758826e+02	0.00000000000000e+00	1
9	26	17	18	0.00000000000000e+00	0.00000000000000e+00	0.00000000000000e+00	0.00000000000000e+00	2.91864091688342e+02	0.00000000000000e+00	8.97637626726884e+01	0.00000000000000e+00	1
10	27	18	19	0.00000000000000e+00	0.00000000000000e+00	0.00000000000000e+00	0.00000000000000e+00	2.91864091688341e+02	0.00000000000000e+00	6.24075383408996e+01	0.00000000000000e+00	1
11	28	19	20	0.00000000000000e+00	0.00000000000000e+00	0.00000000000000e+00	0.00000000000000e+00	2.91864091688342e+02	0.00000000000000e+00	5.60818256053982e+01	0.00000000000000e+00	1
12	29	20	21	0.00000000000000e+00	0.00000000000000e+00	0.00000000000000e+00	0.00000000000000e+00	2.91864091688342e+02	0.00000000000000e+00	6.51813883520937e+01	0.00000000000000e+00	1
13	30	21	22	0.00000000000000e+00	0.00000000000000e+00	0.00000000000000e+00	0.00000000000000e+00	2.91864091688342e+02	0.00000000000000e+00	8.35959155290183e+01	0.00000000000000e+00	1
14	31	22	23	0.00000000000000e+00	0.00000000000000e+00	0.00000000000000e+00	0.00000000000000e+00	2.91864091688342e+02	0.00000000000000e+00	1.05559446893652e+02	0.00000000000000e+00	1
15	32	23	24	0.00000000000000e+00	0.00000000000000e+00	0.00000000000000e+00	0.00000000000000e+00	2.91864091688342e+02	0.00000000000000e+00	1.20796951974650e+02	0.00000000000000e+00	1
1	20	10	11	0.00000000000000e+00	0.00000000000000e+00	0.00000000000000e+00	0.00000000000000e+00	3.64830114610428e+02	0.00000000000000e+00	1.21139187791751e+02	0.00000000000000e+00	1
2	21	11	12	0.00000000000000e+00	0.00000000000000e+00	0.00000000000000e+00	0.00000000000000e+00	3.64830114610427e+02	0.00000000000000e+00	1.24077335860240e+02	0.00000000000000e+00	1
3	22	12	13	0.00000000000000e+00	0.00000000000000e+00	0.00000000000000e+00	0.00000000000000e+00	3.64830114610427e+02	0.00000000000000e+00	1.27143178123457e+02	0.00000000000000e+00	1
4	23	13	14	0.00000000000000e+00	0.00000000000000e+00	0.00000000000000e+00	0.00000000000000e+00	3.64830114610428e+02	0.00000000000000e+00	1.29525649916403e+02	0.00000000000000e+00	1
5	24	14	15	0.00000000000000e+00	0.00000000000000e+00	0.00000000000000e+00	0.00000000000000e+00	3.64830114610428e+02	0.00000000000000e+00	1.30476381051440e+02	0.00000000000000e+00	1
6	25	15	16	0.00000000000000e+00	0.00000000000000e+00	0.00000000000000e+00	0.00000000000000e+00	3.64830114610427e+02	0.00000000000000e+00	1.28504722012006e+02	0.00000000000000e+00	1
7	26	16	17	0.00000000000000e+00	0.00000000000000e+00	0.00000000000000e+00	0.00000000000000e+00	3.64830114610428e+02	0.00000000000000e+00	1.19145090449063e+02	0.00000000000000e+00	1
8	27	17	18	0.00000000000000e+00	0.00000000000000e+00	0.00000000000000e+00	0.00000000000000e+00	3.64830114610428e+02	0.00000000000000e+00	9.36706274189683e+01	0.00000000000000e+00	1
9	28	18	19	0.00000000000000e+00	0.00000000000000e+00	0.00000000000000e+00	0.00000000000000e+00	3.64830114610427e+02	0.00000000000000e+00	6.42162117883302e+01	0.00000000000000e+00	1
10	29	19	20	0.00000000000000e+00	0.00000000000000e+00	0.00000000000000e+00	0.00000000000000e+00	3.64830114610428e+02	0.00000000000000e+00	5.76754882213096e+01	0.00000000000000e+00	1
11	30	20	21	0.00000000000000e+00	0.00000000000000e+00	0.00000000000000e+00	0.00000000000000e+00	3.64830114610428e+02	0.00000000000000e+00	6.75790041848251e+01	0.00000000000000e+00	1
12	31	21	22	0.00000000000000e+00	0.00000000000000e+00	0.00000000000000e+00	0.00000000000000e+00	3.64830114610427e+02	0.00000000000000e+00	8.75432522531249e+01	0.00000000000000e+00	1
13	32	22	23	0.00000000000000e+00	0.00000000000000e+00	0.00000000000000e+00	0.00000000000000e+00	3.64830114610428e+02	0.00000000000000e+00	1.11508642624806e+02	0.00000000000000e+00	1
1	22	11	12	0.00000000000000e+00	0.00000000000000e+00	0.00000000000000e+00	0.00000000000000e+00	4.45903473412745e+02	0.00000000000000e+00	1.34321412624722e+02	0.00000000000000e+00	1
2	23	12	13	0.00000000000000e+00	0.00000000000000e+00	0.00000000000000e+00	0.00000000000000e+00	4.45903473412745e+02	0.00000000000000e+00	1.36668974403954e+02	0.00000000000000e+00	1
3	24	13	14	0.00000000000000e+00	0.00000000000000e+00	0.00000000000000e+00	0.00000000000000e+00	4.45903473412745e+02	0.00000000000000e+00	1.38094400860903e+02	0.00000000000000e+00	1
4	25	14	15	0.00000000000000e+00	0.00000000000000e+00	0.00000000000000e+00	0.00000000000000e+00	4.45903473412745e+02	0.00000000000000e+00	1.38357776615858e+02	0.00000000000000e+00	1
5	26	15	16	0.00000000000000e+00	0.00000000000000e+00	0.00000000000000e+00	0.00000000000000e+00	4.45903473412745e+02	0.00000000000000e+00	1.35801800520628e+02	0.00000000000000e+00	1
6	27	16	17	0.00000000000000e+00	0.00000000000000e+00	0.00000000000000e+00	0.00000000000000e+00	4.45903473412745e+02	0.00000000000000e+00	1.25338206237175e+02	0.00000000000000e+00	1
7	28	17	18	0.00000000000000e+00	0.00000000000000e+00	0.00000000000000e+00	0.00000000000000e+00	4.45903473412745e+02	0.00000000000000e+00	9.77020056434608e+01	0.00000000000000e+00	1
8	29	18	19	0.00000000000000e+00	0.00000000000000e+00	0.00000000000000e+00	0.00000000000000e+00	4.45903473412744e+02	0.00000000000000e+00	6.62707370869991e+01	0.00000000000000e+00	1
9	30	19	20	0.00000000000000e+00	0.00000000000000e+00	0.00000000000000e+00	0.00000000000000e+00	4.45903473412745e+02	0.00000000000000e+00	5.94953573717131e+01	0.00000000000000e+00	1
10	31	20	21	0.00000000000000e+00	0.00000000000000e+00	0.00000000000000e+00	0.00000000000000e+00	4.45903473412745e+02	0.00000000000000e+00	7.01443970671146e+01	0.00000000000000e+00	1
11	32	21	22	0.00000000000000e+00	0.00000000000000e+00	0.00000000000000e+00	0.00000000000000e+00	4.45903473412745e+02	0.00000000000000e+00	9.15547413972228e+01	0.00000000000000e+00	1
1	24	12	13	0.00000000000000e+00	0.00000000000000e+00	0.00000000000000e+00	0.00000000000000e+00	5.35084168095294e+02	0.00000000000000e+00	1.45129957981361e+02	0.00000000000000e+00	1
2	25	13	14	0.00000000000000e+00	0.00000000000000e+00	0.00000000000000e+00	0.00000000000000e+00	5.35084168095293e+02	0.00000000000000e+00	1.45966396628579e+02	0.00000000000000e+00	1
3	26	14	15	0.00000000000000e+00	0.00000000000000e+00	0.00000000000000e+00	0.00000000000000e+00	5.35084168095294e+02	0.00000000000000e+00	1.45915393295302e+02	0.00000000000000e+00	1
4	27	15	16	0.00000000000000e+00	0.00000000000000e+00	0.00000000000000e+00	0.00000000000000e+00	5.35084168095292e+02	0.00000000000000e+00	1.42974870262637e+02	0.00000000000000e+00	1
5	28	16	17	0.00000000000000e+00	0.00000000000000e+00	0.00000000000000e+00	0.00000000000000e+00	5.35084168095294e+02	0.00000000000000e+00	1.31528960232616e+02	0.00000000000000e+00	1
6	29	17	18	0.00000000000000e+00	0.00000000000000e+00	0.00000000000000e+00	0.00000000000000e+00	5.35084168095295e+02	0.00000000000000e+00	1.01849286555867e+02	0.00000000000000e+00	1
7	30	18	19	0.00000000000000e+00	0.00000000000000e+00	0.00000000000000e+00	0.00000000000000e+00	5.35084168095292e+02	0.00000000000000e+00	6.85203939913004e+01	0.00000000000000e+00	1
8	31	19	20	0.00000000000000e+00	0.00000000000000e+00	0.00000000000000e+00	0.00000000000000e+00	5.35084168095293e+02	0.00000000000000e+00	6.14965082940084e+01	0.00000000000000e+00	1
9	32	20	21	0.00000000000000e+00	0.00000000000000e+00	0.00000000000000e+00	0.00000000000000e+00	5.35084168095294e+02	0.00000000000000e+00	7.28556692327854e+01	0.00000000000000e+00	1
1	26	13	14	0.00000000000000e+00	0.00000000000000e+00	0.00000000000000e+00	0.00000000000000e+00	6.32372198658076e+02	0.00000000000000e+00	1.53534635220696e+02	0.00000000000000e+00	1
2	27	14	15	0.00000000000000e+00	0.00000000000000e+00	0.00000000000000e+00	0.00000000000000e+00	6.32372198658076e+02	0.00000000000000e+00	1.53352855613226e+02	0.00000000000000e+00	1
3	28	15	16	0.00000000000000e+00	0.00000000000000e+00	0.00000000000000e+00	0.00000000000000e+00	6.32372198658073e+02	0.00000000000000e+00	1.50114530685368e+02	0.00000000000000e+00	1
4	29	16	17	0.00000000000000e+00	0.00000000000000e+00	0.00000000000000e+00	0.00000000000000e+00	6.32372198658076e+02	0.00000000000000e+00	1.37754685325182e+02	0.00000000000000e+00	1
5	30	17	18	0.00000000000000e+00	0.00000000000000e+00	0.00000000000000e+00	0.00000000000000e+00	6.32372198658076e+02	0.00000000000000e+00	1.06113127910989e+02	0.00000000000000e+00	1
6	31	18	19	0.00000000000000e+00	0.00000000000000e+00	0.00000000000000e+00	0.00000000000000e+00	6.32372198658074e+02	0.00000000000000e+00	7.09252183756575e+01	0.00000000000000e+00	1
7	32	19	20	0.00000000000000e+00	0.00000000000000e+00	0.00000000000000e+00	0.00000000000000e+00	6.32372198658076e+02	0.00000000000000e+00	6.36581241552696e+01	0.00000000000000e+00	1
1	28	14	15	0.00000000000000e+00	0.00000000000000e+00	0.00000000000000e+00	0.00000000000000e+00	7.37767565101089e+02	0.00000000000000e+00	1.60766012451523e+02	0.00000000000000e+00	1
2	29	15	16	0.00000000000000e+00	0.00000000000000e+00	0.00000000000000e+00	0.00000000000000e+00	7.37767565101086e+02	0.00000000000000e+00	1.57270486470722e+02	0.00000000000000e+00	1
3	30	16	17	0.00000000000000e+00	0.00000000000000e+00	0.00000000000000e+00	0.00000000000000e+00	7.37767565101089e+02	0.00000000000000e+00	1.44044765775086e+02	0.00000000000000e+00	1
4	31	17	18	0.00000000000000e+00	0.00000000000000e+00	0.00000000000000e+00	0.00000000000000e+00	7.37767565101089e+02	0.00000000000000e+00	1.10495685192080e+02	0.00000000000000e+00	1
5	32	18	19	0.00000000000000e+00	0.00000000000000e+00	0.00000000000000e+00	0.00000000000000e+00	7.37767565101087e+02	0.00000000000000e+00	7.34757831460235e+01	0.00000000000000e+00	1
1	30	15	16	0.00000000000000e+00	0.00000000000000e+00	0.00000000000000e+00	0.00000000000000e+00	8.51270267424328e+02	0.00000000000000e+00	1.64480236210997e+02	0.00000000000000e+00	1
2	31	16	17	0.00000000000000e+00	0.00000000000000e+00	0.00000000000000e+00	0.00000000000000e+00	8.51270267424331e+02	0.00000000000000e+00	1.50421347535771e+02	0.00000000000000e+00	1
3	32	17	18	0.00000000000000e+00	0.00000000000000e+00	0.00000000000000e+00	0.00000000000000e+00	8.51270267424331e+02	0.00000000000000e+00	1.15007628145036e+02	0.00000000000000e+00	1
1	32	16	17	0.00000000000000e+00	0.00000000000000e+00	0.00000000000000e+00	0.00000000000000e+00	9.72880305627809e+02	0.00000000000000e+00	1.56911859224550e+02	0.00000000000000e+00	1
0
